44444444444444444444444444444444444444444444444444
44444444444444444444444444444444444444444444444444
33                                              55
33                                              55
33                                              55
33                                              55
33                                              55
33   P                                          55
33                                              55
33D                                             55
3311111111111111111111                          55
3311111111111111111113                          55
4444444444444444444443                          55
4444444444444444444443             1111         55
33                                 5113         55
33                                 5443         55
33                                 4444         55
33           1111                               55
33           5113                               55
33           5443                               55
33           4444                               55
33                                              55
33                                              55
33   222222                                     55
331111111111111111                              55
331111111111111113                              55
334444444444444443                              55
334444444444444443                              55
33                                              55
33                                      11111   55
33                                      54443   55
33                                              55
33                                              55
33                       2222            2222   55
33                  111111111111111111111111111155
33                  511111111111111111111111111155
33                  544444444444444444444444444455
33                  544444444444444444444444444455
33                                              55
33    1111                                      55
33    5113                                      55
33    5443                                      55
33    4444                                      55
33                                              55
33                                              55
33                                              55
33                                           K  55
3322222    22         22      22       22       55
11111111111111111111111111111111111111111111111111
11111111111111111111111111111111111111111111111111